%YAML:1.0
K: !!opencv-matrix
   rows: 3
   cols: 3
   dt: d
   data: [ 1663.782234, 0.000000, 785.889057,
           0.000000, 1663.367425, 638.790025,
           0.000000e+00, 0.000000e+00, 1.000000e+00 ]           
D: !!opencv-matrix
   rows: 1
   cols: 4
   dt: d
   data: [ 1600, 1200, -0.230540, 0.228372]